Correct: 1622
Given: 1967
Verb statistics
Precision: 0.824281
Recall: 0.779456
F: 0.801242

Adjective statistics
Precision: 0.777778
Recall: 0.928571
F: 0.846512

Adverb statistics
Precision: 0.693182
Recall: 0.358824
F: 0.472868

Noun statistics
Precision: 0.878788
Recall: 0.836115
F: 0.856921

Others statistics
Precision: 0.804136
Recall: 0.932299
F: 0.863488

Overall statistics
Precision: 0.824606
Recall: 0.824606
F: 0.824606

Confusion matrix: 
0.824281 0 0.00319489 0.134185 0.0383387 
0.017094 0.777778 0.0598291 0.0854701 0.0598291 
0.0113636 0 0.693182 0.125 0.170455 
0.092504 0.00318979 0.00318979 0.878788 0.0223285 
0.0145985 0.00608273 0.120438 0.0547445 0.804136 
